type: basic
grid: 4, 6, 2
spacing: 35
radius: 5
z_height: 35

layer {
    spring_constants_y:
    5,5,5
    5,5,5
    5,5,5
    5,5,5
    5,5,5
    5,5,5
    spring_constants_x:
    5,5,5,5,5
    5,5,5,5,5
    5,5,5,5,5
    5,5,5,5,5
    rest_lengths_y:
    35,35,35
    35,35,35
    35,35,35
    35,35,35
    35,35,35
    35,35,35
    rest_lengths_x:
    25,25,25,25,25
    25,25,25,25,25
    25,25,25,25,25
    25,25,25,25,25
}

layer {
    spring_constants_y:
    5,5,5
    5,5,5
    5,5,5
    5,5,5
    5,5,5
    5,5,5
    spring_constants_x:
    5,5,5,5,5
    5,5,5,5,5
    5,5,5,5,5
    5,5,5,5,5
    rest_lengths_y:
    35,35,35
    35,35,35
    35,35,35
    35,35,35
    35,35,35
    35,35,35
    rest_lengths_x:
    35,35,35,35,35
    35,35,35,35,35
    35,35,35,35,35
    35,35,35,35,35
}
